0
0
0
0
0
0
0
1.66337329507431
1.66337329507431
1.66337329507482
6.68798166422572
6.6879816642266
0
0
0
0
0
0
0
0
0
0
0.00743865827757688
0.00743865827757688
0.00743865827757688
0.0206852438301643
0.0206852438301643
0.025760356440253
0.025760356440253
0.025760356440253
0.0208077974514584
0.0208077974514584
0.00842736848229063
0.00842736848229063
0.00842736848229063
0
0
0
0
0
0
0
0
0
0
0
0
0
0
0
0.0449288823824485
0.0449288823824485
0.0449288823824485
0.64894619479092
0.648946194790651
0.229228242575775
0.229228242575775
0.229228242575752
0.421709884939279
0.421709884939279
0.493000378206075
0.493000378205775
0.493000378206014
0.888026289381835
0.888026289381057
0.399475853508336
0.399475853508406
0.399475853507881
0.269047171884598
0.269047171884184
0.116735085249318
0.116735085249283
0.116735085249976
0
0
0
0
0
0.807256453162132
0.807256453161904
0
0
0
0
0
0
0
0
0
0
0
0
0
0.00423732685332675
0.00423732685332675
0.0147686756564781
0.0147686756564781
0.0147686756564781
0.028608826481727
0.028608826481727
0.028608826481727
0.0735855883450887
0.0735855883450887
0.110520463372651
0.110520463372651
0.110520463372651
0.210776599920696
0.210776599920696
0.172377767157297
0.172377767157297
0.172377767157297
0.224991162026744
0.224991162026744
0.17835596668589
0.17835596668589
0.17835596668589
0.169574397885854
0.169574397885854
0.147526397088464
0.147526397088464
0.147526397088464
1.1804647917484
1.18046479174823
0.193366163919925
0.193366163919537
0.193366163919833
0.0321443307003774
0.0321443307003774
0
0
0
0
0
0
0
0
0
0
0
0
0
0
0
0
0
0
0
0
0
0
0
0.00341814999118688
0.00341814999118688
0.00341814999118688
0.00640789630909834
0.00640789630909834
0.00722070250261532
0.00722070250261532
0.00722070250261532
0.00607001674464163
0.00607001674464163
0.00379669194281323
0.00379669194281323
0.00379669194281323
1.18578144570372
1.18578144570392
0.20684907567086
0.20684907567086
0.20684907567086
1.03654333120018
1.03654333120018
0.00373151298650172
0.00373151298650172
0.00373151298650172
0.024652860986305
0.024652860986305
0.0502474554420812
0.0502474554420812
0.0502474554420812
0.0698098236508698
0.0698098236508698
0.0830972950903019
0.0830972950903019
0.0830972950903019
0.0892747944477748
0.0892747944477748
0.0873508754682766
0.0873508754682766
0.0873508754682766
0.0745724009169877
0.0745724009169877
0.0510048045775679
0.0510048045775679
0.0510048045775679
0.0187325535965248
0.0187325535965248
0.0187325535965248
0
0
0
0
0
0
0
0
0
0
0
0
0.464504161992489
0.464504161992408
0.464504161992489
0.207843463972989
0.207843463972989
0.595830306056412
0.595830306054332
0.595830306056412
1.10892846392717
1.10892846392717
0.00655944227498623
0.00655944227498623
0.00655944227498623
0.222721276525817
0.222721276525817
0.0170932090286498
0.0170932090286498
0.0170932090286498
0.0154853046289871
0.0154853046289871
0.0133863556499244
0.0133863556499244
0.0133863556499244
0.0111649088693263
0.0111649088693263
0.0146608598542967
0.0146608598542967
0.0146608598542967
0.0225602380473901
0.0225602380473901
0.0319757884935449
0.0319757884935449
0.0319757884935449
0.0400029338961924
0.0400029338961924
0.0400029338961924
0.0386367090231437
0.0386367090231437
0.0306352071433764
0.0306352071433764
0.0306352071433764
0.020470369108136
0.020470369108136
0.010572206981094
0.010572206981094
0.010572206981094
0
0
0
0
0
0.775080023795107
0.775080023795025
0
0
0
0.669159343713537
0.669159343713537
0.0824480122023332
0.0824480122023332
0.0824480122023332
0.612737647651237
0.612737647651237
0
0
0
0.00240465686318014
0.00240465686318014
0.00837585719895989
0.00837585719895989
0.00837585719895989
0.0116505885410829
0.0116505885410829
0.0127057034762427
0.0127057034762427
0.0127057034762427
0.0120705183049415
0.0120705183049415
0.0106827400532571
0.0106827400532571
0.0106827400532571
0.00854998994015918
0.00854998994015918
0.00677163456000756
0.00677163456000756
0.00677163456000756
0.00576565350817487
0.00576565350817487
0.00576565350817487
0.00800010244810765
0.00800010244810765
0.0137701561226869
0.0137701561226869
0.0137701561226869
0.0176321647050462
0.0176321647050462
0.0169190457933404
0.0169190457933404
0.0169190457933073
0.138946319228432
0.138946319228432
0.00336018463194485
0.00336018463194485
0.00336018463194485
0.782185270498558
0.782185270498558
0.137342312273973
0.137342312273973
0.137342312273973
0.50812632563934
0.50812632563934
0.00524668925955769
0.00524668925955769
0.00524668925955769
0.00917644813880319
0.00917644813880319
0.0100134544183065
0.0100134544183065
0.0100134544183065
0.00907906356598843
0.00907906356598843
0.00832781321073497
0.00832781321073497
0.00832781321073497
0.00888254227721544
0.00888254227721544
0.00941190439234361
0.00941190439234361
0.00941190439234361
0.00813345321124947
0.00813345321124947
0.00663261563786132
0.00663261563786132
0.00663261563786132
0.00413590267290422
0.00413590267290422
0.00413590267290422
0.000548332941934259
0.000548332941934259
0
0
0
0
0
0
0
0
0
0
0
0
0
0.88440666381395
0.88440666381395
0
0
0
0.554874120422016
0.554874120422016
0
0
0
0.00629384372707593
0.00629384372707593
0.0137112161802527
0.0137112161802527
0.0137112161802527
0.0142317656056362
0.0142317656056362
0.0115890076447959
0.0115890076447959
0.0115890076447959
0.00874050815691787
0.00874050815691787
0.00703070717834022
0.00703070717834022
0.00703070717834022
0.00610448297769443
0.00610448297769443
0.00462530689390243
0.00462530689390243
0.00462530689390243
0.00270141469599545
0.00270141469599545
0.00270141469599545
0.00165532814140943
0.00165532814140943
0.00284160870313095
0.00284160870313095
0.00284160870313095
0.00739921138540767
0.00739921138540767
0.0136844299817197
0.0136844299817197
0.0136844299817197
0.0186827260927002
0.0186827260927002
0.0192121586092553
0.0192121586092553
0.0192121586092553
0.364771993953772
0.364771993953772
0.00748566107424237
0.00748566107424237
0.00748566107424237
0.580589724770127
0.580589724770127
0
0
0
0.498479942033763
0.498479942033763
0
0
0
0
0
0
0
0
0
0
0
0
0
0
0
0
0
0
0
0
0
0
0
0
0
0
0
0
0.00268033709011052
0.00268033709011052
0.00268033709011052
0.00638838672283315
0.00638838672283315
0.00850831839110139
0.00850831839110139
0.00850831839110139
0.0144254654882276
0.0144254654882276
0.00807383264965985
0.00807383264965985
0.00807383264965985
0.525217635644025
0.525217635644025
0.00502995662222241
0.00502995662222241
0.00502995662222241
0.73034006584968
0.73034006584968
0.00435633679149368
0.00435633679149368
0.00435633679149368
0.00530051349579521
0.00530051349579521
0.00565539744839275
0.00565539744839275
0.00565539744839275
0.00526892785230079
0.00526892785230079
0.00460670305839107
0.00460670305839107
0.00460670305839107
0.00433048533863611
0.00433048533863611
0.00473614467158844
0.00473614467158844
0.00473614467158844
0.00563060879430584
0.00563060879430584
0.00563060879430584
0.00647058498729421
0.00647058498729421
0.00694489260117498
0.00694489260117498
0.00694489260117498
0.00719219420111737
0.00719219420111737
0.00765103527120709
0.00765103527120709
0.00765103527120709
0.0084911203212927
0.0084911203212927
0.00946836733160884
0.00946836733160884
0.00946836733160884
0.0100464395666395
0.0100464395666395
0.00989943201706764
0.00989943201706764
0.00989943201706764
0.264100050530869
0.264100050530869
0.0773742044593227
0.0773742044593227
0.0773742044593227
0.732195615912265
0.732195615912265
0.0106262693403723
0.0106262693403723
0.0106262693403723
0.0686788216324555
0.0686788216324555
0.0130423885342563
0.0130423885342563
0.0130423885342563
0.0122901084603486
0.0122901084603486
0.0105503698289522
0.0105503698289522
0.0105503698289522
0.00868031018724472
0.00868031018724472
0.00732843768216942
0.00732843768216942
0.00732843768216942
0.00592509586580757
0.00592509586580757
0.00450407963795096
0.00450407963795096
0.00450407963795096
0.00264056436400471
0.00264056436400471
0.00264056436400471
0.000633732051444207
0.000633732051444207
0.000130185892495516
0.000130185892495516
0.000130185892495516
0.000531738602728825
0.000531738602728825
0.0018135459279568
0.0018135459279568
0.0018135459279568
0.00346671220435484
0.00346671220435484
0.00466471549431203
0.00466471549431203
0.00466471549431203
0.19146693587278
0.19146693587278
0.00451923885721503
0.00451923885721503
0.00451923885721503
0.568732525696748
0.568732525696748
0.00526694836525255
0.00526694836525255
0.00526694836525255
0.42888275847948
0.42888275847948
0.00944810277400439
0.00944810277400439
0.00944810277400439
0.00963896220725918
0.00963896220725918
0.00817878522692235
0.00817878522692235
0.00817878522692235
0.00556739009909824
0.00556739009909824
0.00328039682038738
0.00328039682038738
0.00328039682038738
0.00234335764423888
0.00234335764423888
0.00258601662338823
0.00258601662338823
0.00258601662338823
0.00339474099211274
0.00339474099211274
0.00339474099211274
0.00404134254340952
0.00404134254340952
0.00427638579165312
0.00427638579165312
0.00427638579165312
0.0048019636700245
0.0048019636700245
0.006065667614489
0.006065667614489
0.006065667614489
0.00798230340530511
0.00798230340530511
0.00976199570844688
0.00976199570844688
0.00976199570844688
0.0103311597024457
0.0103311597024457
0.00886744271288246
0.00886744271288246
0.00886744271288246
0.269124700308699
0.269124700308699
0.00195485431480321
0.00195485431480321
0.00195485431480321
0.913638756403662
0.913638756403662
0.000526807598454667
0.000526807598454667
0.000526807598454667
0.000925222980032793
0.000925222980032793
0.000945514896870053
0.000945514896870053
0.000945514896870053
0.000512300004142771
0.000512300004142771
0
0
0
0
0
8.97579371359178e-05
8.97579371359178e-05
8.97579371359178e-05
0.000735897147085894
0.000735897147085894
0.000735897147085894
0.00134083380907381
0.00134083380907381
0.00152482865994224
0.00152482865994224
0.00152482865994224
0.0023580148344675
0.0023580148344675
0.00311684150152215
0.00311684150152215
0.00311684150152215
0.0039893211327967
0.0039893211327967
0.00826496096120815
0.00826496096120815
0.00826496096120815
0.0115922381353634
0.0115922381353634
0.010368031711139
0.010368031711139
0.010368031711139
0.00182069512617918
0.00182069512617918
0
0
0
1.19829314308102
1.19829314308102
0.00865522505596403
0.00865522505596403
0.00865522505596403
0.00706945233520605
0.00706945233520605
0.0119926205226302
0.0119926205226302
0.0119926205226302
0.0145836272823304
0.0145836272823304
0.0129879743669419
0.0129879743669419
0.0129879743669419
0.00940414919092927
0.00940414919092927
0.00629493848549206
0.00629493848549206
0.00629493848549206
0.00381815833086559
0.00381815833086559
0.00381815833086559
0.000265950653153452
0.000265950653153452
0
0
0
0
0
0
0
0
0
0
0
0
0
0
0
0
0
0
0
0
0
0
0
0.924595086996948
0.924595086996948
0
0
0
0.216886817677883
0.216886817677883
0.00261179232007192
0.00261179232007192
0.00261179232007192
0.0753151317144222
0.0753151317144222
0.0239762276713347
0.0239762276713347
0.0239762276713347
0.0231589011331176
0.0231589011331176
0.017288256437587
0.017288256437587
0.017288256437587
0.0103723548284106
0.0103723548284106
0.00517398676015425
0.00517398676024315
0.00517398676015425
0.00259638270790372
0.00259638270790372
0.00259638270790372
0.0012859633252778
0.0012859633252778
0.00130707578163587
0.00130707578163587
0.00130707578163587
0.00261871814851206
0.00261871814851206
0.00515202715745486
0.00515202715745486
0.00515202715745486
0.010094274001039
0.010094274001039
0.016896528561812
0.016896528561812
0.016896528561812
0.134305585532402
0.134305585532402
0.025720557522144
0.025720557522144
0.025720557522144
0.201020497040025
0.201020497040025
0.0127814101073422
0.0127814101073422
0.0127814101073422
0.132075792941428
0.132075792941428
0
0
0
0.883452083845162
0.883452083845162
0
0
0
0
0
0
0
0
0
0
0
0
0
0
0
0
0
0
0.00192324048011937
0.00192324048011937
0.00192324048011937
0.00930264021332975
0.00930264021332975
0.0145565734509484
0.0145565734509484
0.0145565734509484
0.0171190690774394
0.0171190690774394
0.0170579147419451
0.0170579147419451
0.0170579147419451
0.0145713483445756
0.0145713483445756
0.00955583570938113
0.00955583570938113
0.00955583570938113
0.0018410428120405
0.0018410428120405
0
0
0
0.202399038379702
0.202399038379702
0
0
0
0.958905421174828
0.95890542117469
0
0
0
0
0
0
0
0
0
0
0
0
0
0
0
0
0
0
0.0112878969174259
0.0112878969174259
0.0112878969174259
0.0200525513053382
0.0200525513053382
0.0258288994271161
0.0258288994271161
0.0258288994271161
0.0341349622684864
0.0341349622684864
0.0407567314637467
0.0407567314637467
0.0407567314637467
0.0417896227592131
0.0417896227592131
0.0383278489666202
0.0383278489666202
0.0383278489666202
0.0317687894103577
0.0317687894103577
0.0228039317859854
0.0228039317859854
0.0228039317859854
0.754729317064339
0.754729317064339
0.124651961930103
0.124651961930103
0.124651961930103
0.198691056363647
0.198691056363647
0
0
0
0.203813459727839
0.203813459727839
0
0
0
0
0
0
0
0
0
0
0
0
0
0
0
0
0
0
0
0
0
0
0
0.0189721206256911
0.0189721206256911
0.0189721206256911
0.04588387435446
0.04588387435446
0.0675945659420576
0.0675945659420576
0.0675945659420576
0.0830885332507011
0.0830885332507011
0.261937697189972
0.261937697189972
0.261937697189972
1.04623038189021
1.04623038189013
0.0807401475152446
0.0807401475152446
0.0807401475152446
0.0620600772685754
0.0620600772685754
0.394692367848867
0.394692367848867
0.394692367848522
0.00301596690139849
0.00301596690139849
0.000272517848232109
0.000272517848232109
0.000272517848232109
0
0
0
0
0
0
0
0
0
0
0
0
0
0
0
0
0
0
0
0
0
0
0
0.0242149297570357
0.0242149297570357
0.144591836580191
0.144591836580191
0.144591836580191
0.25912863500267
0.259128635002601
0.350033132163588
0.350033132163588
0.350033132163588
1.17281918303073
1.17281918303054
0.392008054664714
0.392008054664679
0.392008054664679
0.568829502422867
0.568829502422867
0.307579154639084
0.307579154639084
0.307579154639084
0.150168755892439
0.15016875589246
0
0
0
0
0
0
0
0
0
0
0
0
0
0
0
0
0
0
0
0
0
0
0
0
0
0
0
0
0
0
0
0
0
0
0
0
0
0
0
0
0
0.00539122595088724
0.00539122595063788
0.620979577706143
0.620979577705962
0.620979577705287
1.99524214373491
1.99524214373428
0.846124836935613
0.846124836936001
0.846124836938401
0.947899889959424
0.947899889960172
5.03702773926808
5.03702773926688
