0.87163
0.84962
0.77376
0.73289
0.65742
0.64866
0.62374
0.59176
0.59267
0.57712
0.54109
0.5171
0.48176
0.45423
0.41797
0.40187
0.40078
0.40228
0.42007
0.45378
0.47553
0.48578
0.49172
0.48454
0.47116
0.43335
0.40489
0.37415
0.35165
0.33715
0.3287
0.32534
0.3244
0.3243
0.32204
0.31977
0.31292
0.30289
0.29265
0.28419
0.27846
0.27918
0.28293
0.2892
0.29186
0.28949
0.28539
0.28178
0.27501
0.27193
0.26902
0.2692
0.27303
0.27797
0.28724
0.29439
0.30128
0.30634
0.31094
0.31486
0.32211
0.32756
0.33309
0.33774
0.33873
0.34201
0.34517
0.35058
0.35687
0.3596
0.35601
0.35546
0.35651
0.36194
0.36425
0.35909
0.35167
0.34263
0.33545
0.33219
0.33251
0.33522
0.3363
0.33427
0.33155
0.32409
0.30961
0.28778
0.26546
0.24745
0.23773
0.23181
0.22517
0.21789
0.21507
0.21941
0.22812
0.23455
0.23558
0.23152
0.22413
0.21528
0.20838
0.20386
0.20221
0.20312
0.20496
0.20458
0.20326
0.1985
0.19271
0.18435
0.17717
0.1729
0.17169
0.17358
0.17495
0.17503
0.17418
0.17371
0.17323
0.17323
0.17179
0.17047
0.16893
0.1677
0.16676
0.16518
0.16384
0.16228
0.16035
0.15882
0.15631
0.15411
0.15234
0.1508
0.14898
0.14777
0.14631
0.14509
0.14473
0.14456
0.14455
0.14479
0.14516
0.14567
0.14619
0.14679
0.14759
0.14797
0.14838
0.14817
0.14754
0.14685
0.1459
0.14496
0.14411
0.14321
0.14255
0.14112
0.13961
0.13844
0.13752
0.13708
0.1366
0.13587
0.13535
0.13494
0.13507
0.13473
0.13425
0.13385
0.13336
0.13298
0.13255
0.13271
0.13248
0.13302
0.13284
0.13304
0.13329
0.13358
0.13344
0.13366
0.1339
0.13373
0.13352
0.13346
0.13278
0.13188
0.13133
0.13109
0.13113
0.13083
0.13062
0.13042
0.13018
0.12971
0.12975
0.12959
0.12927
0.12842
0.12731
0.12624
0.12515
0.12427
0.12333
0.12232
0.12085
0.11976
0.11879
0.11835
0.11819
0.11813
0.11783
0.11763
0.11747
0.11747
0.11761
0.11777
0.11823
0.11847
0.11865
0.11881
0.11882
0.11919
0.11982
0.12016
0.12049
0.12061
0.12073
0.12068
0.12035
0.12001
0.12006
0.11973
0.11955
0.11924
0.11889
0.11901
0.11869
0.1186
0.11866
0.1191
0.11953
0.11995
0.12064
0.12095
0.12185
0.12242
0.12294
0.12364
0.12456
0.12552
0.12661
0.12754
0.12815
0.12881
0.12914
0.12908
0.129
0.12867
0.12824
0.12757
0.12657
0.1255
0.12442
0.12368
0.12317
0.12296
0.12315
0.12358
0.12447
0.12556
0.12662
0.12739
0.12817
0.12853
0.129
0.12939
0.13001
0.13036
0.13085
0.13106
0.13126
0.13185
0.13296
0.13361
0.13461
0.13525
0.13592
0.13646
0.1367
0.13743
0.13821
0.13874
0.13921
0.13943
0.13957
0.13887
0.1378
0.13499
0.13147
0.12849
0.12665
0.12625
0.12542
0.12524
0.12466
0.12358
0.12355
0.12407
0.12498
0.12644
0.12854
0.13134
0.13388
0.13627
0.13842
0.1406
0.14234
0.14459
0.14688
0.14936
0.15186
0.15456
0.15768
0.15972
0.16262
0.16377
0.16401
0.16353
0.1643
0.16435
0.16436
0.16475
0.16438
0.16516
0.16614
0.16856
0.17356
0.18088
0.18843
0.19561
0.20159
0.20565
0.2077
0.21108
0.21366
0.21639
0.21778
0.21904
0.21963
0.22132
0.22746
0.2375
0.24934
0.26225
0.2712
0.27766
0.28213
0.28648
0.29192
0.29623
0.30493
0.31099
0.31518
0.3198
0.32092
0.32498
0.32405
0.32515
0.33287
0.33875
0.34503
0.34981
0.3448
0.34015
0.33561
0.33253
0.34023
0.34592
0.3415
0.32665
0.32167
0.3342
0.37317
0.41997
0.47135
0.52077
0.58476
0.64747
0.7329
0.8338
0.97319
1
1
1
1
1
1
