CGATS.17
FORMAT_VERSION	2
CREATED	2017-10-17 15:05:08 UTC+9
PRODUCT	MOBILE PHONE
DISPLAY_TYPE	RGBW LCD
INSTRUMENT	Konica-Minolta	CA-410		
SYNC_MODE	INT	60 Hz
MEASUREMENT_SPEED	FAST
AVERAGING_TIMES	5
AMBIENT_TEMPERATURE	24
KEYWORD	SampleID
NUMBER_OF_FIELDS	7
BEGIN_DATA_FORMAT
SampleID	RGB_R	RGB_G	RGB_B	XYZ_X	XYZ_Y	XYZ_Z
END_DATA_FORMAT
NUMBER_OF_SETS	602
BEGIN_DATA
1	0	0	0	0.0159021433470667	0.0158694613959333	0.00951903233833333
2	0	0	25	0.123750026930917	0.0488583501834833	0.630103983936083
3	0	0	51	0.479585273610766	0.154037630502383	2.63459211754723
4	0	0	76	1.11694311972632	0.357934307515434	6.21888809202708
5	0	0	102	2.09407812413332	0.638756794525433	11.7769449586371
6	0	0	127	3.29666250833982	0.990467288103734	18.6195565054321
7	0	0	153	4.99855145140882	1.50264695265543	28.1760971329871
8	0	0	178	6.93229865881082	2.08232885386643	39.1327230186871
9	0	0	204	9.14660140094382	2.72820776246043	51.7807640527471
10	0	0	229	12.5427870603638	3.76668674976543	70.7204168912971
11	0	0	255	15.9630079054688	4.74513261720543	89.9601874588471
12	0	25	0	0.226707692466367	0.662497602115383	0.0592070516319833
13	0	25	25	0.334555576050217	0.695486490902933	0.679792003229733
14	0	25	51	0.690390822730067	0.800665771221833	2.68428013684088
15	0	25	76	1.32774866884562	1.00456244823488	6.26857611132073
16	0	25	102	2.30488367325262	1.28538493524488	11.8266329779307
17	0	25	127	3.50746805745912	1.63709542882318	18.6692445247257
18	0	25	153	5.20935700052812	2.14927509337488	28.2257851522807
19	0	25	178	7.14310420793012	2.72895699458588	39.1824110379807
20	0	25	204	9.35740695006312	3.37483590317988	51.8304520720407
21	0	25	229	12.7535926094831	4.41331489048488	70.7701049105907
22	0	25	255	16.1738134545881	5.39176075792488	90.0098754781408
23	0	51	0	0.731859455237722	2.17908881460375	0.183802457335526
24	0	51	25	0.839707338821572	2.21207770339130	0.804387408933276
25	0	51	51	1.19554258550142	2.31725698371020	2.80887554254443
26	0	51	76	1.83290043161697	2.52115366072325	6.39317151702428
27	0	51	102	2.81003543602397	2.80197614773325	11.9512283836343
28	0	51	127	4.01261982023047	3.15368664131155	18.7938399304293
29	0	51	153	5.71450876329948	3.66586630586325	28.3503805579843
30	0	51	178	7.64825597070147	4.24554820707425	39.3070064436843
31	0	51	204	9.86255871283447	4.89142711566824	51.9550474777443
32	0	51	229	13.2587443722545	5.92990610297325	70.8947003162943
33	0	51	255	16.6789652173595	6.90835197041324	90.1344708838443
34	0	76	0	1.57988551309987	4.72717088361643	0.391247698463333
35	0	76	25	1.68773339668372	4.76015977240399	1.01183265006108
36	0	76	51	2.04356864336357	4.86533905272289	3.01632078367223
37	0	76	76	2.68092648947912	5.06923572973594	6.60061675815208
38	0	76	102	3.65806149388612	5.35005821674593	12.1586736247621
39	0	76	127	4.86064587809262	5.70176871032423	19.0012851715571
40	0	76	153	6.56253482116162	6.21394837487593	28.5578257991121
41	0	76	178	8.49628202856362	6.79363027608693	39.5144516848121
42	0	76	204	10.7105847706966	7.43950918468093	52.1624927188721
43	0	76	229	14.1067704301166	8.47798817198593	71.1021455574221
44	0	76	255	17.5269912752216	9.45643403942593	90.3419161249720
45	0	102	0	2.81535925534837	8.46665508082344	0.698423565103333
46	0	102	25	2.92320713893222	8.49964396961098	1.31900851670108
47	0	102	51	3.27904238561207	8.60482324992988	3.32349665031223
48	0	102	76	3.91640023172762	8.80871992694293	6.90779262479209
49	0	102	102	4.89353523613462	9.08954241395293	12.4658494914021
50	0	102	127	6.09611962034111	9.44125290753123	19.3084610381971
51	0	102	153	7.79800856341012	9.95343257208294	28.8650016657521
52	0	102	178	9.73175577081212	10.5331144732939	39.8216275514521
53	0	102	204	11.9460585129451	11.1789933818879	52.4696685855121
54	0	102	229	15.3422441723651	12.2174723691929	71.4093214240621
55	0	102	255	18.7624650174701	13.1959182366329	90.6490919916121
56	0	127	0	4.44772627654587	13.4753961835294	1.13382633985333
57	0	127	25	4.55557416012972	13.5083850723170	1.75441129145108
58	0	127	51	4.91140940680957	13.6135643526359	3.75889942506223
59	0	127	76	5.54876725292512	13.8174610296489	7.34319539954208
60	0	127	102	6.52590225733212	14.0982835166589	12.9012522661521
61	0	127	127	7.72848664153862	14.4499940102372	19.7438638129471
62	0	127	153	9.43037558460762	14.9621736747889	29.3004044405021
63	0	127	178	11.3641227920096	15.5418555759999	40.2570303262021
64	0	127	204	13.5784255341426	16.1877344845939	52.9050713602621
65	0	127	229	16.9746111935626	17.2262134718989	71.8447241988121
66	0	127	255	20.3948320386676	18.2046593393389	91.0844947663621
67	0	153	0	6.58482632854087	20.1174297399454	1.68145832496833
68	0	153	25	6.69267421212472	20.1504186287330	2.30204327656608
69	0	153	51	7.04850945880457	20.2555979090519	4.30653141017723
70	0	153	76	7.68586730492012	20.4594945860649	7.89082738465708
71	0	153	102	8.66300230932712	20.7403170730749	13.4488842512671
72	0	153	127	9.86558669353362	21.0920275666532	20.2914957980621
73	0	153	153	11.5674756366026	21.6042072312049	29.8480364256171
74	0	153	178	13.5012228440046	22.1838891324159	40.8046623113171
75	0	153	204	15.7155255861376	22.8297680410099	53.4527033453771
76	0	153	229	19.1117112455576	23.8682470283149	72.3923561839271
77	0	153	255	22.5319320906626	24.8466928957549	91.6321267514771
78	0	178	0	9.11610360675587	27.7230068905904	2.31104167891833
79	0	178	25	9.22395149033972	27.7559957793780	2.93162663051608
80	0	178	51	9.57978673701956	27.8611750596969	4.93611476412723
81	0	178	76	10.2171445831351	28.0650717367099	8.52041073860708
82	0	178	102	11.1942795875421	28.3458942237199	14.0784676052171
83	0	178	127	12.3968639717486	28.6976047172982	20.9210791520121
84	0	178	153	14.0987529148176	29.2097843818499	30.4776197795671
85	0	178	178	16.0325001222196	29.7894662830609	41.4342456652671
86	0	178	204	18.2468028643526	30.4353451916549	54.0822866993271
87	0	178	229	21.6429885237726	31.4738241789599	73.0219395378771
88	0	178	255	25.0632093688776	32.4522700463999	92.2617101054271
89	0	204	0	11.6521389136389	35.8538288055464	2.98510872461833
90	0	204	25	11.7599867972227	35.8868176943340	3.60569367621608
91	0	204	51	12.1158220439026	35.9919969746529	5.61018180982723
92	0	204	76	12.7531798900181	36.1958936516659	9.19447778430708
93	0	204	102	13.7303148944251	36.4767161386759	14.7525346509171
94	0	204	127	14.9328992786316	36.8284266322542	21.5951461977121
95	0	204	153	16.6347882217006	37.3406062968059	31.1516868252671
96	0	204	178	18.5685354291026	37.9202881980169	42.1083127109671
97	0	204	204	20.7828381712356	38.5661671066109	54.7563537450271
98	0	204	229	24.1790238306556	39.6046460939159	73.6960065835771
99	0	204	255	27.5992446757606	40.5830919613559	92.9357771511271
100	0	229	0	15.4186301867229	46.5388388248565	3.67820870549833
101	0	229	25	15.5264780703067	46.5718277136440	4.29879365709608
102	0	229	51	15.8823133169866	46.6770069939629	6.30328179070723
103	0	229	76	16.5196711631021	46.8809036709759	9.88757776518708
104	0	229	102	17.4968061675091	47.1617261579859	15.4456346317971
105	0	229	127	18.6993905517156	47.5134366515642	22.2882461785921
106	0	229	153	20.4012794947846	48.0256163161159	31.8447868061471
107	0	229	178	22.3350267021866	48.6052982173269	42.8014126918471
108	0	229	204	24.5493294443196	49.2511771259209	55.4494537259071
109	0	229	229	27.9455151037396	50.2896561132259	74.3891065644571
110	0	229	255	31.3657359488446	51.2681019806659	93.6288771320071
111	0	255	0	19.7741295021209	60.7013469853954	5.07598916886833
112	0	255	25	19.8819773857047	60.7343358741830	5.69657412046608
113	0	255	51	20.2378126323846	60.8395151545019	7.70106225407723
114	0	255	76	20.8751704785001	61.0434118315149	11.2853582285571
115	0	255	102	21.8523054829071	61.3242343185249	16.8434150951671
116	0	255	127	23.0548898671136	61.6759448121032	23.6860266419621
117	0	255	153	24.7567788101826	62.1881244766550	33.2425672695171
118	0	255	178	26.6905260175846	62.7678063778659	44.1991931552171
119	0	255	204	28.9048287597176	63.4136852864600	56.8472341892771
120	0	255	229	32.3010144191376	64.4521642737650	75.7868870278271
121	0	255	255	35.7212352642426	65.4306101412049	95.0266575953771
122	25	0	0	0.264540749250717	0.137357110529983	0.0115415194398333
123	25	0	25	0.372388632834566	0.170345999317533	0.632126471037584
124	25	0	51	0.728223879514417	0.275525279636433	2.63661460464873
125	25	0	76	1.36558172562997	0.479421956649483	6.22091057912858
126	25	0	102	2.34271673003697	0.760244443659484	11.7789674457386
127	25	0	127	3.54530111424347	1.11195493723778	18.6215789925336
128	25	0	153	5.24719005731247	1.62413460178948	28.1781196200886
129	25	0	178	7.18093726471447	2.20381650300048	39.1347455057886
130	25	0	204	9.39524000684747	2.84969541159448	51.7827865398486
131	25	0	229	12.7914256662675	3.88817439889948	70.7224393783986
132	25	0	255	16.2116465113725	4.86662026633948	89.9622099459486
133	51	0	0	1.20266532676217	0.601262796385283	0.00891037014958333
134	51	0	25	1.31051321034602	0.634251685172834	0.629495321747333
135	51	0	51	1.66634845702587	0.739430965491734	2.63398345535848
136	51	0	76	2.30370630314142	0.943327642504784	6.21827942983833
137	51	0	102	3.28084130754842	1.22415012951478	11.7763362964483
138	51	0	127	4.48342569175492	1.57586062309308	18.6189478432433
139	51	0	153	6.18531463482392	2.08804028764478	28.1754884707983
140	51	0	178	8.11906184222592	2.66772218885578	39.1321143564984
141	51	0	204	10.3333645843589	3.31360109744978	51.7801553905583
142	51	0	229	13.7295502437789	4.35208008475478	70.7198082291083
143	51	0	255	17.1497710888839	5.33052595219478	89.9595787966584
144	76	0	0	2.81020503539538	1.39943226778007	0.0109725524199263
145	76	0	25	2.91805291897923	1.43242115656762	0.631557504017676
146	76	0	51	3.27388816565908	1.53760043688652	2.63604563762883
147	76	0	76	3.91124601177463	1.74149711389957	6.22034161210868
148	76	0	102	4.88838101618163	2.02231960090957	11.7783984787187
149	76	0	127	6.09096540038813	2.37403009448787	18.6210100255137
150	76	0	153	7.79285434345713	2.88620975903957	28.1775506530687
151	76	0	178	9.72660155085913	3.46589166025057	39.1341765387687
152	76	0	204	11.9409042929921	4.11177056884457	51.7822175728287
153	76	0	229	15.3370899524121	5.15024955614957	70.7218704113787
154	76	0	255	18.7573107975171	6.12869542358957	89.9616409789287
155	102	0	0	5.38105495989022	2.68065349784998	0.0161747598208333
156	102	0	25	5.48890284347407	2.71364238663753	0.636759711418583
157	102	0	51	5.84473809015391	2.81882166695643	2.64124784502973
158	102	0	76	6.48209593626947	3.02271834396948	6.22554381950958
159	102	0	102	7.45923094067647	3.30354083097948	11.7836006861196
160	102	0	127	8.66181532488297	3.65525132455778	18.6262122329146
161	102	0	153	10.3637042679520	4.16743098910948	28.1827528604696
162	102	0	178	12.2974514753540	4.74711289032048	39.1393787461696
163	102	0	204	14.5117542174870	5.39299179891449	51.7874197802296
164	102	0	229	17.9079398769070	6.43147078621948	70.7270726187796
165	102	0	255	21.3281607220120	7.40991665365949	89.9668431863295
166	127	0	0	8.58934951882172	4.27292174543018	0.0180287737553333
167	127	0	25	8.69719740240556	4.30591063421773	0.638613725353083
168	127	0	51	9.05303264908542	4.41108991453663	2.64310185896423
169	127	0	76	9.69039049520097	4.61498659154968	6.22739783344409
170	127	0	102	10.6675254996080	4.89580907855968	11.7854547000541
171	127	0	127	11.8701098838145	5.24751957213798	18.6280662468491
172	127	0	153	13.5719988268835	5.75969923668968	28.1846068744041
173	127	0	178	15.5057460342855	6.33938113790068	39.1412327601041
174	127	0	204	17.7200487764185	6.98526004649468	51.7892737941641
175	127	0	229	21.1162344358385	8.02373903379968	70.7289266327141
176	127	0	255	24.5364552809435	9.00218490123968	89.9686972002641
177	153	0	0	13.1776698121505	6.54716414063863	0.0192590860623333
178	153	0	25	13.2855176957344	6.58015302942618	0.639844037660083
179	153	0	51	13.6413529424142	6.68533230974508	2.64433217127123
180	153	0	76	14.2787107885298	6.88922898675813	6.22862814575109
181	153	0	102	15.2558457929368	7.17005147376813	11.7866850123611
182	153	0	127	16.4584301771433	7.52176196734643	18.6292965591561
183	153	0	153	18.1603191202123	8.03394163189813	28.1858371867111
184	153	0	178	20.0940663276143	8.61362353310914	39.1424630724111
185	153	0	204	22.3083690697473	9.25950244170313	51.7905041064711
186	153	0	229	25.7045547291673	10.2979814290081	70.7301569450211
187	153	0	255	29.1247755742723	11.2764272964481	89.9699275125711
188	178	0	0	18.3269073330612	9.11746594654998	0.0400837801808333
189	178	0	25	18.4347552166451	9.15045483533753	0.660668731778583
190	178	0	51	18.7905904633249	9.25563411565643	2.66515686538973
191	178	0	76	19.4279483094405	9.45953079266949	6.24945283986958
192	178	0	102	20.4050833138475	9.74035327967948	11.8075097064796
193	178	0	127	21.6076676980540	10.0920637732578	18.6501212532746
194	178	0	153	23.3095566411230	10.6042434378095	28.2066618808296
195	178	0	178	25.2433038485250	11.1839253390205	39.1632877665296
196	178	0	204	27.4576065906580	11.8298042476145	51.8113288005896
197	178	0	229	30.8537922500780	12.8682832349195	70.7509816391396
198	178	0	255	34.2740130951830	13.8467291023595	89.9907522066896
199	204	0	0	24.3722465629012	12.1310115598720	0.0335801720408333
200	204	0	25	24.4800944464851	12.1640004486595	0.654165123638583
201	204	0	51	24.8359296931649	12.2691797289784	2.65865325724973
202	204	0	76	25.4732875392805	12.4730764059915	6.24294923172958
203	204	0	102	26.4504225436875	12.7538988930015	11.8010060983396
204	204	0	127	27.6530069278940	13.1056093865798	18.6436176451346
205	204	0	153	29.3548958709630	13.6177890511315	28.2001582726896
206	204	0	178	31.2886430783650	14.1974709523425	39.1567841583896
207	204	0	204	33.5029458204980	14.8433498609365	51.8048251924496
208	204	0	229	36.8991314799180	15.8818288482415	70.7444780309996
209	204	0	255	40.3193523250230	16.8602747156815	89.9842485985496
210	229	0	0	33.4375832834612	16.6561319195250	0.0362887903558333
211	229	0	25	33.5454311670451	16.6891208083125	0.656873741953583
212	229	0	51	33.9012664137249	16.7943000886314	2.66136187556473
213	229	0	76	34.5386242598405	16.9981967656445	6.24565785004458
214	229	0	102	35.5157592642475	17.2790192526545	11.8037147166546
215	229	0	127	36.7183436484540	17.6307297462328	18.6463262634496
216	229	0	153	38.4202325915230	18.1429094107845	28.2028668910046
217	229	0	178	40.3539797989250	18.7225913119955	39.1594927767046
218	229	0	204	42.5682825410580	19.3684702205895	51.8075338107646
219	229	0	229	45.9644682004780	20.4069492078945	70.7471866493146
220	229	0	255	49.3846890455830	21.3853950753345	89.9869572168646
221	255	0	0	42.6224608590512	21.2373056297250	0.124665962945833
222	255	0	25	42.7303087426351	21.2702945185125	0.745250914543584
223	255	0	51	43.0861439893149	21.3754737988314	2.74973904815473
224	255	0	76	43.7235018354305	21.5793704758445	6.33403502263458
225	255	0	102	44.7006368398375	21.8601929628545	11.8920918892446
226	255	0	127	45.9032212240440	22.2119034564328	18.7347034360396
227	255	0	153	47.6051101671130	22.7240831209845	28.2912440635946
228	255	0	178	49.5388573745150	23.3037650221955	39.2478699492946
229	255	0	204	51.7531601166480	23.9496439307895	51.8959109833546
230	255	0	229	55.1493457760680	24.9881229180945	70.8355638219046
231	255	0	255	58.5695666211730	25.9665687855345	90.0753343894546
232	25	25	0	0.475346298370017	0.783985251249434	0.0612295387334833
233	25	51	0	0.980498061141372	2.30057646373780	0.185824944437026
234	25	76	0	1.82852411900352	4.84865853275048	0.393270185564833
235	25	102	0	3.06399786125202	8.58814272995748	0.700446052204834
236	25	127	0	4.69636488244952	13.5968838326635	1.13584882695483
237	25	153	0	6.83346493444452	20.2389173890795	1.68348081206983
238	25	178	0	9.36474221265952	27.8444945397245	2.31306416601983
239	25	204	0	11.9007775195425	35.9753164546805	2.98713121171983
240	25	229	0	15.6672687926265	46.6603264739905	3.68023119259983
241	25	255	0	20.0227681080245	60.8228346345295	5.07801165596983
242	51	25	0	1.41347087588147	1.24789093710473	0.0585983894432334
243	51	51	0	1.91862263865282	2.76448214959309	0.183193795146776
244	51	76	0	2.76664869651497	5.31256421860578	0.390639036274583
245	51	102	0	4.00212243876347	9.05204841581278	0.697814902914583
246	51	127	0	5.63448945996097	14.0607895185188	1.13321767766458
247	51	153	0	7.77158951195596	20.7028230749348	1.68084966277958
248	51	178	0	10.3028667901710	28.3084002255798	2.31043301672958
249	51	204	0	12.8389020970540	36.4392221405358	2.98450006242958
250	51	229	0	16.6053933701380	47.1242321598458	3.67760004330958
251	51	255	0	20.9608926855360	61.2867403203848	5.07538050667958
252	76	25	0	3.02101058451468	2.04606040849952	0.0606605717135764
253	76	51	0	3.52616234728603	3.56265162098788	0.185255977417119
254	76	76	0	4.37418840514818	6.11073369000057	0.392701218544926
255	76	102	0	5.60966214739668	9.85021788720757	0.699877085184926
256	76	127	0	7.24202916859418	14.8589589899136	1.13527985993493
257	76	153	0	9.37912922058918	21.5009925463296	1.68291184504993
258	76	178	0	11.9104064988042	29.1065696969746	2.31249519899993
259	76	204	0	14.4464418056872	37.2373916119306	2.98656224469993
260	76	229	0	18.2129330787712	47.9224016312406	3.67966222557993
261	76	255	0	22.5684323941692	62.0849097917796	5.07744268894993
262	102	25	0	5.59186050900952	3.32728163856943	0.0658627791144833
263	102	51	0	6.09701227178087	4.84387285105780	0.190458184818026
264	102	76	0	6.94503832964302	7.39195492007048	0.397903425945833
265	102	102	0	8.18051207189152	11.1314391172775	0.705079292585833
266	102	127	0	9.81287909308902	16.1401802199835	1.14048206733583
267	102	153	0	11.9499791450840	22.7822137763995	1.68811405245083
268	102	178	0	14.4812564232990	30.3877909270445	2.31769740640083
269	102	204	0	17.0172917301820	38.5186128420005	2.99176445210083
270	102	229	0	20.7837830032660	49.2036228613105	3.68486443298083
271	102	255	0	25.1392823186640	63.3661310218495	5.08264489635083
272	127	25	0	8.80015506794102	4.91954988614963	0.0677167930489833
273	127	51	0	9.30530683071237	6.43614109863799	0.192312198752526
274	127	76	0	10.1533328885745	8.98422316765068	0.399757439880333
275	127	102	0	11.3888066308230	12.7237073648577	0.706933306520334
276	127	127	0	13.0211736520205	17.7324484675637	1.14233608127033
277	127	153	0	15.1582737040155	24.3744820239797	1.68996806638533
278	127	178	0	17.6895509822305	31.9800591746247	2.31955142033533
279	127	204	0	20.2255862891135	40.1108810895807	2.99361846603533
280	127	229	0	23.9920775621975	50.7958911088907	3.68671844691533
281	127	255	0	28.3475768775955	64.9583992694297	5.08449891028533
282	153	25	0	13.3884753612698	7.19379228135809	0.0689471053559834
283	153	51	0	13.8936271240412	8.71038349384645	0.193542511059526
284	153	76	0	14.7416531819033	11.2584655628591	0.400987752187333
285	153	102	0	15.9771269241518	14.9979497600661	0.708163618827333
286	153	127	0	17.6094939453493	20.0066908627721	1.14356639357733
287	153	153	0	19.7465939973443	26.6487244191881	1.69119837869233
288	153	178	0	22.2778712755593	34.2543015698331	2.32078173264233
289	153	204	0	24.8139065824423	42.3851234847891	2.99484877834233
290	153	229	0	28.5803978555263	53.0701335040991	3.68794875922233
291	153	255	0	32.9358971709243	67.2326416646381	5.08572922259233
292	178	25	0	18.5377128821805	9.76409408726943	0.0897717994744833
293	178	51	0	19.0428646449519	11.2806852997578	0.214367205178026
294	178	76	0	19.8908907028140	13.8287673687705	0.421812446305833
295	178	102	0	21.1263644450625	17.5682515659775	0.728988312945833
296	178	127	0	22.7587314662600	22.5769926686835	1.16439108769583
297	178	153	0	24.8958315182550	29.2190262250995	1.71202307281083
298	178	178	0	27.4271087964700	36.8246033757445	2.34160642676083
299	178	204	0	29.9631441033530	44.9554252907005	3.01567347246084
300	178	229	0	33.7296353764370	55.6404353100105	3.70877345334083
301	178	255	0	38.0851346918350	69.8029434705495	5.10655391671083
302	204	25	0	24.5830521120205	12.7776397005914	0.0832681913344833
303	204	51	0	25.0882038747919	14.2942309130798	0.207863597038026
304	204	76	0	25.9362299326540	16.8423129820925	0.415308838165833
305	204	102	0	27.1717036749025	20.5817971792995	0.722484704805833
306	204	127	0	28.8040706961000	25.5905382820055	1.15788747955583
307	204	153	0	30.9411707480950	32.2325718384215	1.70551946467083
308	204	178	0	33.4724480263100	39.8381489890665	2.33510281862083
309	204	204	0	36.0084833331930	47.9689709040225	3.00916986432083
310	204	229	0	39.7749746062770	58.6539809233325	3.70226984520083
311	204	255	0	44.1304739216750	72.8164890838715	5.10005030857084
312	229	25	0	33.6483888325805	17.3027600602444	0.0859768096494833
313	229	51	0	34.1535405953519	18.8193512727328	0.210572215353026
314	229	76	0	35.0015666532140	21.3674333417455	0.418017456480833
315	229	102	0	36.2370403954625	25.1069175389525	0.725193323120834
316	229	127	0	37.8694074166600	30.1156586416585	1.16059609787083
317	229	153	0	40.0065074686550	36.7576921980745	1.70822808298583
318	229	178	0	42.5377847468700	44.3632693487195	2.33781143693583
319	229	204	0	45.0738200537530	52.4940912636755	3.01187848263583
320	229	229	0	48.8403113268370	63.1791012829855	3.70497846351583
321	229	255	0	53.1958106422350	77.3416094435245	5.10275892688583
322	255	25	0	42.8332664081705	21.8839337704444	0.174353982239483
323	255	51	0	43.3384181709419	23.4005249829328	0.298949387943026
324	255	76	0	44.1864442288040	25.9486070519455	0.506394629070833
325	255	102	0	45.4219179710525	29.6880912491525	0.813570495710834
326	255	127	0	47.0542849922500	34.6968323518585	1.24897327046083
327	255	153	0	49.1913850442450	41.3388659082745	1.79660525557583
328	255	178	0	51.7226623224600	48.9444430589195	2.42618860952583
329	255	204	0	54.2586976293430	57.0752649738755	3.10025565522583
330	255	229	0	58.0251889024270	67.7602749931855	3.79335563610583
331	255	255	0	62.3806882178250	81.9227831537245	5.19113609947583
332	255	25	25	42.9411142917544	21.9169226592320	0.794938933837233
333	255	25	51	43.2969495384342	22.0221019395509	2.79942706744838
334	255	25	76	43.9343073845498	22.2259986165639	6.38372304192823
335	255	25	102	44.9114423889568	22.5068211035739	11.9417799085382
336	255	25	127	46.1140267731633	22.8585315971522	18.7843914553332
337	255	25	153	47.8159157162323	23.3707112617039	28.3409320828882
338	255	25	178	49.7496629236343	23.9503931629149	39.2975579685883
339	255	25	204	51.9639656657673	24.5962720715089	51.9455990026483
340	255	25	229	55.3601513251873	25.6347510588139	70.8852518411982
341	255	25	255	58.7803721702923	26.6131969262539	90.1250224087482
342	255	51	25	43.4462660545257	23.4335138717203	0.919534339540776
343	255	51	51	43.8021013012056	23.5386931520392	2.92402247315193
344	255	51	76	44.4394591473211	23.7425898290523	6.50831844763177
345	255	51	102	45.4165941517281	24.0234123160623	12.0663753142418
346	255	51	127	46.6191785359346	24.3751228096406	18.9089868610368
347	255	51	153	48.3210674790036	24.8873024741923	28.4655274885918
348	255	51	178	50.2548146864056	25.4669843754033	39.4221533742918
349	255	51	204	52.4691174285386	26.1128632839973	52.0701944083518
350	255	51	229	55.8653030879586	27.1513422713023	71.0098472469018
351	255	51	255	59.2855239330636	28.1297881387423	90.2496178144518
352	255	76	25	44.2942921123879	25.9815959407330	1.12697958066858
353	255	76	51	44.6501273590677	26.0867752210519	3.13146771427973
354	255	76	76	45.2874852051833	26.2906718980650	6.71576368875958
355	255	76	102	46.2646202095903	26.5714943850750	12.2738205553696
356	255	76	127	47.4672045937968	26.9232048786533	19.1164321021646
357	255	76	153	49.1690935368658	27.4353845432050	28.6729727297196
358	255	76	178	51.1028407442678	28.0150664444160	39.6295986154196
359	255	76	204	53.3171434864007	28.6609453530100	52.2776396494796
360	255	76	229	56.7133291458208	29.6994243403150	71.2172924880296
361	255	76	255	60.1335499909258	30.6778702077550	90.4570630555796
362	255	102	25	45.5297658546364	29.7210801379400	1.43415544730858
363	255	102	51	45.8856011013162	29.8262594182589	3.43864358091973
364	255	102	76	46.5229589474318	30.0301560952720	7.02293955539958
365	255	102	102	47.5000939518388	30.3109785822820	12.5809964220096
366	255	102	127	48.7026783360453	30.6626890758603	19.4236079688046
367	255	102	153	50.4045672791143	31.1748687404120	28.9801485963596
368	255	102	178	52.3383144865162	31.7545506416230	39.9367744820596
369	255	102	204	54.5526172286493	32.4004295502170	52.5848155161196
370	255	102	229	57.9488028880693	33.4389085375220	71.5244683546696
371	255	102	255	61.3690237331743	34.4173544049620	90.7642389222196
372	255	127	25	47.1621328758339	34.7298212406460	1.86955822205858
373	255	127	51	47.5179681225137	34.8350005209649	3.87404635566973
374	255	127	76	48.1553259686293	35.0388971979780	7.45834233014958
375	255	127	102	49.1324609730363	35.3197196849880	13.0163991967596
376	255	127	127	50.3350453572428	35.6714301785663	19.8590107435546
377	255	127	153	52.0369343003118	36.1836098431180	29.4155513711096
378	255	127	178	53.9706815077138	36.7632917443290	40.3721772568096
379	255	127	204	56.1849842498468	37.4091706529230	53.0202182908696
380	255	127	229	59.5811699092667	38.4476496402280	71.9598711294196
381	255	127	255	63.0013907543718	39.4260955076680	91.1996416969696
382	255	153	25	49.2992329278289	41.3718547970620	2.41719020717358
383	255	153	51	49.6550681745087	41.4770340773810	4.42167834078474
384	255	153	76	50.2924260206243	41.6809307543940	8.00597431526458
385	255	153	102	51.2695610250312	41.9617532414040	13.5640311818746
386	255	153	127	52.4721454092378	42.3134637349823	20.4066427286696
387	255	153	153	54.1740343523068	42.8256433995340	29.9631833562246
388	255	153	178	56.1077815597088	43.4053253007450	40.9198092419246
389	255	153	204	58.3220843018418	44.0512042093390	53.5678502759846
390	255	153	229	61.7182699612618	45.0896831966440	72.5075031145346
391	255	153	255	65.1384908063668	46.0681290640840	91.7472736820846
392	255	178	25	51.8305102060438	48.9774319477070	3.04677356112358
393	255	178	51	52.1863454527237	49.0826112280259	5.05126169473473
394	255	178	76	52.8237032988393	49.2865079050390	8.63555766921459
395	255	178	102	53.8008383032463	49.5673303920490	14.1936145358246
396	255	178	127	55.0034226874528	49.9190408856273	21.0362260826196
397	255	178	153	56.7053116305218	50.4312205501790	30.5927667101746
398	255	178	178	58.6390588379237	51.0109024513900	41.5493925958746
399	255	178	204	60.8533615800567	51.6567813599840	54.1974336299346
400	255	178	229	64.2495472394768	52.6952603472890	73.1370864684846
401	255	178	255	67.6697680845818	53.6737062147290	92.3768570360346
402	255	204	25	54.3665455129269	57.1082538626630	3.72084060682358
403	255	204	51	54.7223807596067	57.2134331429819	5.72532874043473
404	255	204	76	55.3597386057223	57.4173298199950	9.30962471491458
405	255	204	102	56.3368736101293	57.6981523070050	14.8676815815246
406	255	204	127	57.5394579943358	58.0498628005833	21.7102931283196
407	255	204	153	59.2413469374048	58.5620424651350	31.2668337558746
408	255	204	178	61.1750941448068	59.1417243663460	42.2234596415746
409	255	204	204	63.3893968869398	59.7876032749400	54.8715006756346
410	255	204	229	66.7855825463598	60.8260822622450	73.8111535141846
411	255	204	255	70.2058033914648	61.8045281296850	93.0509240817346
412	255	229	25	58.1330367860109	67.7932638819730	4.41394058770358
413	255	229	51	58.4888720326907	67.8984431622919	6.41842872131473
414	255	229	76	59.1262298788063	68.1023398393050	10.0027246957946
415	255	229	102	60.1033648832133	68.3831623263150	15.5607815624046
416	255	229	127	61.3059492674198	68.7348728198933	22.4033931091996
417	255	229	153	63.0078382104888	69.2470524844450	31.9599337367546
418	255	229	178	64.9415854178908	69.8267343856560	42.9165596224546
419	255	229	204	67.1558881600238	70.4726132942500	55.5646006565146
420	255	229	229	70.5520738194438	71.5110922815550	74.5042534950646
421	255	229	255	73.9722946645488	72.4895381489950	93.7440240626146
422	255	255	25	62.4885361014089	81.9557720425120	5.81172105107358
423	255	255	51	62.8443713480887	82.0609513228310	7.81620918468473
424	255	255	76	63.4817291942043	82.2648479998440	11.4005051591646
425	255	255	102	64.4588641986113	82.5456704868540	16.9585620257746
426	255	255	127	65.6614485828178	82.8973809804324	23.8011735725696
427	255	255	153	67.3633375258868	83.4095606449840	33.3577142001246
428	255	255	178	69.2970847332888	83.9892425461950	44.3143400858246
429	255	255	204	71.5113874754218	84.6351214547890	56.9623811198846
430	255	255	229	74.9075731348418	85.6736004420940	75.9020339584346
431	255	255	255	78.3277939799468	86.6520463095340	95.1418045259846
432	25	255	25	20.1306159916084	60.8558235233171	5.69859660756758
433	25	255	51	20.4864512382882	60.9610028036359	7.70308474117874
434	25	255	76	21.1238090844038	61.1648994806490	11.2873807156586
435	25	255	102	22.1009440888108	61.4457219676590	16.8454375822686
436	25	255	127	23.3035284730173	61.7974324612373	23.6880491290636
437	25	255	153	25.0054174160863	62.3096121257890	33.2445897566186
438	25	255	178	26.9391646234883	62.8892940270000	44.2012156423186
439	25	255	204	29.1534673656213	63.5351729355940	56.8492566763786
440	25	255	229	32.5496530250413	64.5736519228990	75.7889095149286
441	25	255	255	35.9698738701463	65.5520977903390	95.0286800824785
442	51	255	25	21.0687405691198	61.3197292091723	5.69596545827733
443	51	255	51	21.4245758157997	61.4249084894912	7.70045359188848
444	51	255	76	22.0619336619152	61.6288051665043	11.2847495663683
445	51	255	102	23.0390686663222	61.9096276535143	16.8428064329783
446	51	255	127	24.2416530505287	62.2613381470926	23.6854179797733
447	51	255	153	25.9435419935977	62.7735178116443	33.2419586073283
448	51	255	178	27.8772892009997	63.3531997128553	44.1985844930283
449	51	255	204	30.0915919431327	63.9990786214493	56.8466255270883
450	51	255	229	33.4877776025527	65.0375576087543	75.7862783656383
451	51	255	255	36.9079984476577	66.0160034761943	95.0260489331883
452	76	255	25	22.6762802777530	62.1178986805671	5.69802764054768
453	76	255	51	23.0321155244329	62.2230779608860	7.70251577415883
454	76	255	76	23.6694733705484	62.4269746378991	11.2868117486387
455	76	255	102	24.6466083749554	62.7077971249091	16.8448686152487
456	76	255	127	25.8491927591619	63.0595076184874	23.6874801620437
457	76	255	153	27.5510817022309	63.5716872830391	33.2440207895987
458	76	255	178	29.4848289096329	64.1513691842501	44.2006466752987
459	76	255	204	31.6991316517659	64.7972480928441	56.8486877093587
460	76	255	229	35.0953173111859	65.8357270801491	75.7883405479087
461	76	255	255	38.5155381562909	66.8141729475891	95.0281111154586
462	102	255	25	25.2471302022479	63.3991199106370	5.70322984794858
463	102	255	51	25.6029654489277	63.5042991909559	7.70771798155973
464	102	255	76	26.2403232950433	63.7081958679690	11.2920139560396
465	102	255	102	27.2174582994503	63.9890183549790	16.8500708226496
466	102	255	127	28.4200426836568	64.3407288485573	23.6926823694446
467	102	255	153	30.1219316267258	64.8529085131090	33.2492229969996
468	102	255	178	32.0556788341278	65.4325904143200	44.2058488826996
469	102	255	204	34.2699815762608	66.0784693229140	56.8538899167596
470	102	255	229	37.6661672356808	67.1169483102190	75.7935427553096
471	102	255	255	41.0863880807858	68.0953941776590	95.0333133228596
472	127	255	25	28.4554247611794	64.9913881582172	5.70508386188308
473	127	255	51	28.8112600078592	65.0965674385361	7.70957199549424
474	127	255	76	29.4486178539748	65.3004641155492	11.2938679699741
475	127	255	102	30.4257528583818	65.5812866025592	16.8519248365841
476	127	255	127	31.6283372425883	65.9329970961375	23.6945363833791
477	127	255	153	33.3302261856573	66.4451767606892	33.2510770109341
478	127	255	178	35.2639733930593	67.0248586619002	44.2077028966341
479	127	255	204	37.4782761351923	67.6707375704942	56.8557439306941
480	127	255	229	40.8744617946123	68.7092165577992	75.7953967692441
481	127	255	255	44.2946826397173	69.6876624252392	95.0351673367941
482	153	255	25	33.0437450545082	67.2656305534257	5.70631417419008
483	153	255	51	33.3995803011880	67.3708098337446	7.71080230780123
484	153	255	76	34.0369381473036	67.5747065107576	11.2950982822811
485	153	255	102	35.0140731517106	67.8555289977676	16.8531551488911
486	153	255	127	36.2166575359171	68.2072394913459	23.6957666956861
487	153	255	153	37.9185464789861	68.7194191558976	33.2523073232411
488	153	255	178	39.8522936863881	69.2991010571086	44.2089332089411
489	153	255	204	42.0665964285211	69.9449799657026	56.8569742430011
490	153	255	229	45.4627820879411	70.9834589530076	75.7966270815511
491	153	255	255	48.8830029330461	71.9619048204476	95.0363976491011
492	178	255	25	38.1929825754189	69.8359323593370	5.72713886830858
493	178	255	51	38.5488178220987	69.9411116396559	7.73162700191973
494	178	255	76	39.1861756682143	70.1450083166690	11.3159229763996
495	178	255	102	40.1633106726213	70.4258308036790	16.8739798430096
496	178	255	127	41.3658950568278	70.7775412972573	23.7165913898046
497	178	255	153	43.0677839998968	71.2897209618090	33.2731320173596
498	178	255	178	45.0015312072988	71.8694028630200	44.2297579030596
499	178	255	204	47.2158339494318	72.5152817716140	56.8777989371196
500	178	255	229	50.6120196088517	73.5537607589190	75.8174517756696
501	178	255	255	54.0322404539568	74.5322066263590	95.0572223432196
502	204	255	25	44.2383218052589	72.8494779726590	5.72063526016858
503	204	255	51	44.5941570519387	72.9546572529779	7.72512339377973
504	204	255	76	45.2315148980543	73.1585539299910	11.3094193682596
505	204	255	102	46.2086499024613	73.4393764170010	16.8674762348696
506	204	255	127	47.4112342866678	73.7910869105793	23.7100877816646
507	204	255	153	49.1131232297368	74.3032665751310	33.2666284092196
508	204	255	178	51.0468704371388	74.8829484763420	44.2232542949196
509	204	255	204	53.2611731792718	75.5288273849360	56.8712953289796
510	204	255	229	56.6573588386918	76.5673063722410	75.8109481675296
511	204	255	255	60.0775796837968	77.5457522396810	95.0507187350796
512	229	255	25	53.3036585258189	77.3745983323120	5.72334387848358
513	229	255	51	53.6594937724987	77.4797776126309	7.72783201209473
514	229	255	76	54.2968516186143	77.6836742896440	11.3121279865746
515	229	255	102	55.2739866230213	77.9644967766540	16.8701848531846
516	229	255	127	56.4765710072278	78.3162072702323	23.7127963999796
517	229	255	153	58.1784599502968	78.8283869347840	33.2693370275346
518	229	255	178	60.1122071576988	79.4080688359950	44.2259629132346
519	229	255	204	62.3265098998318	80.0539477445890	56.8740039472946
520	229	255	229	65.7226955592518	81.0924267318940	75.8136567858446
521	229	255	255	69.1429164043568	82.0708725993340	95.0534273533946
522	25	25	255	16.4224520604918	5.51324840705893	90.0118979652422
523	25	51	255	16.9276038232631	7.02983961954729	90.1364933709457
524	25	76	255	17.7756298811253	9.57792168855998	90.3439386120736
525	25	102	255	19.0111036233738	13.3174058857670	90.6511144787136
526	25	127	255	20.6434706445713	18.3261469884730	91.0865172534636
527	25	153	255	22.7805706965663	24.9681805448890	91.6341492385786
528	25	178	255	25.3118479747813	32.5737576955340	92.2637325925286
529	25	204	255	27.8478832816643	40.7045796104900	92.9377996382286
530	25	229	255	31.6143745547483	51.3895896298000	93.6308996191086
531	51	25	255	17.3605766380032	5.97715409291423	90.0092668159520
532	51	51	255	17.8657284007746	7.49374530540260	90.1338622216555
533	51	76	255	18.7137544586367	10.0418273744153	90.3413074627833
534	51	102	255	19.9492282008852	13.7813115716223	90.6484833294233
535	51	127	255	21.5815952220827	18.7900526743283	91.0838861041733
536	51	153	255	23.7186952740777	25.4320862307443	91.6315180892883
537	51	178	255	26.2499725522927	33.0376633813893	92.2611014432384
538	51	204	255	28.7860078591757	41.1684852963453	92.9351684889383
539	51	229	255	32.5524991322597	51.8534953156553	93.6282684698183
540	76	25	255	18.9681163466364	6.77532356430902	90.0113289982223
541	76	51	255	19.4732681094078	8.29191477679738	90.1359244039259
542	76	76	255	20.3212941672699	10.8399968458101	90.3433696450537
543	76	102	255	21.5567679095184	14.5794810430171	90.6505455116937
544	76	127	255	23.1891349307159	19.5882221457231	91.0859482864437
545	76	153	255	25.3262349827109	26.2302557021391	91.6335802715587
546	76	178	255	27.8575122609259	33.8358328527841	92.2631636255087
547	76	204	255	30.3935475678089	41.9666547677401	92.9372306712087
548	76	229	255	34.1600388408929	52.6516647870501	93.6303306520887
549	102	25	255	21.5389662711313	8.05654479437894	90.0165312056232
550	102	51	255	22.0441180339026	9.57313600686730	90.1411266113268
551	102	76	255	22.8921440917648	12.1212180758800	90.3485718524546
552	102	102	255	24.1276178340133	15.8607022730870	90.6557477190946
553	102	127	255	25.7599848552108	20.8694433757930	91.0911504938446
554	102	153	255	27.8970849072058	27.5114769322090	91.6387824789596
555	102	178	255	30.4283621854208	35.1170540828540	92.2683658329096
556	102	204	255	32.9643974923038	43.2478759978100	92.9424328786096
557	102	229	255	36.7308887653878	53.9328860171200	93.6355328594895
558	127	25	255	24.7472608300628	9.64881304195914	90.0183852195577
559	127	51	255	25.2524125928341	11.1654042544475	90.1429806252612
560	127	76	255	26.1004386506963	13.7134863234602	90.3504258663891
561	127	102	255	27.3359123929448	17.4529705206672	90.6576017330290
562	127	127	255	28.9682794141423	22.4617116233732	91.0930045077791
563	127	153	255	31.1053794661373	29.1037451797892	91.6406364928941
564	127	178	255	33.6366567443523	36.7093223304342	92.2702198468441
565	127	204	255	36.1726920512353	44.8401442453902	92.9442868925441
566	127	229	255	39.9391833243193	55.5251542647002	93.6373868734241
567	153	25	255	29.3355811233916	11.9230554371676	90.0196155318647
568	153	51	255	29.8407328861629	13.4396466496560	90.1442109375682
569	153	76	255	30.6887589440251	15.9877287186686	90.3516561786961
570	153	102	255	31.9242326862736	19.7272129158756	90.6588320453361
571	153	127	255	33.5565997074711	24.7359540185816	91.0942348200861
572	153	153	255	35.6936997594661	31.3779875749976	91.6418668052011
573	153	178	255	38.2249770376811	38.9835647256426	92.2714501591511
574	153	204	255	40.7610123445641	47.1143866405986	92.9455172048511
575	153	229	255	44.5275036176481	57.7993966599086	93.6386171857311
576	178	25	255	34.4848186443023	14.4933572430789	90.0404402259833
577	178	51	255	34.9899704070736	16.0099484555673	90.1650356316868
578	178	76	255	35.8379964649358	18.5580305245800	90.3724808728146
579	178	102	255	37.0734702071843	22.2975147217870	90.6796567394546
580	178	127	255	38.7058372283818	27.3062558244930	91.1150595142046
581	178	153	255	40.8429372803768	33.9482893809090	91.6626914993196
582	178	178	255	43.3742145585918	41.5538665315540	92.2922748532696
583	178	204	255	45.9102498654748	49.6846884465100	92.9663418989696
584	178	229	255	49.6767411385588	60.3696984658200	93.6594418798496
585	204	25	255	40.5301578741423	17.5069028564009	90.0339366178432
586	204	51	255	41.0353096369136	19.0234940688893	90.1585320235468
587	204	76	255	41.8833356947758	21.5715761379020	90.3659772646746
588	204	102	255	43.1188094370243	25.3110603351090	90.6731531313146
589	204	127	255	44.7511764582218	30.3198014378150	91.1085559060646
590	204	153	255	46.8882765102168	36.9618349942310	91.6561878911795
591	204	178	255	49.4195537884317	44.5674121448760	92.2857712451295
592	204	204	255	51.9555890953148	52.6982340598320	92.9598382908296
593	204	229	255	55.7220803683988	63.3832440791420	93.6529382717095
594	229	25	255	49.5954945947023	22.0320232160539	90.0366452361582
595	229	51	255	50.1006463574736	23.5486144285423	90.1612406418618
596	229	76	255	50.9486724153358	26.0966964975550	90.3686858829896
597	229	102	255	52.1841461575843	29.8361806947620	90.6758617496296
598	229	127	255	53.8165131787818	34.8449217974680	91.1112645243796
599	229	153	255	55.9536132307768	41.4869553538840	91.6588965094946
600	229	178	255	58.4848905089918	49.0925325045290	92.2884798634446
601	229	204	255	61.0209258158748	57.2233544194850	92.9625469091446
602	229	229	255	64.7874170889588	67.9083644387950	93.6556468900246
END_DATA


