0
0
0
0
0
0
0
0
0
0
0
0
0
0
0
0
0
0
0
0
0
0
0
0
0
0
0
0
0
0
0
0
0
0
0
0
0
0
0
0
0
0
0
0
0
0
0
0
0
0
0
0
0
0
0
0
0
0
0
0
0
0
0
0
0
0
0
0
0
0
0
0
0
0
0
0
0
0
0
0
0
0
0
0
0
0
0
0
0
0
0
0.00973955603424367
0.00973955603424367
0.00973955603424367
0
0
0
0
0
0
0
0
0
0
0
0
0
0
0
0
0
0
0
0
0
0
0
0
0
0
0
0
0
0
0
0
0
0
0
0
0
0
0
0
0
0
0
0
0
0
0
0
0
0
0
0
0
0
0.43111401107969
0.431114011083988
0.431114011085308
0.22890799157514
0.228907991574651
0.173287553985688
0.173287553987019
0.173287553984541
0.444135880199676
0.444135880199305
0.444135880200647
0
0
0.1447317089261
0.144731708924149
0.144731708925247
0
0
0.389999627069038
0.389999627067494
0.389999627067957
0
-8.470329472543e-22
-8.470329472543e-22
0.69090310320675
0.690903103205087
0.874683753585676
0.874683753584714
0.874683753585818
0.333270099410407
0.333270099408551
1
1
1
0.299524891123822
0.299524891125333
0.299524891122358
1
1
0.0128590794515443
0.0128590794523573
0.0128590794489793
0.769925359344907
0.769925359340994
0.000132362639176294
0.000132362639176294
0.000132362639176294
0.741914422440978
0.741914422438637
0.741914422443975
0.0769744837332992
0.0769744837304554
0.259017483907239
0.259017483910302
0.259017483911552
1
1
0.258124146436843
0.258124146438452
0.25812414644167
0.900897890227148
0.900897890230786
0
0
0
0.448035241354638
0.448035241357307
0
0
0
0
0
0.605947930874903
0.605947930870884
0.605947930870608
0.168905508646913
0.168905508645332
0.878839298890484
0.878839298889796
0.878839298890183
0.171938714047355
0.171938714047277
0.646052134520737
0.646052134518222
0.646052134523263
0
0
0.366933528885762
0.366933528883366
0.366933528888619
0
0
0.262997837053579
0.262997837056346
0.262997837054463
0.251250063861884
0.251250063861095
0.209823083593703
0.209823083592114
0.209823083591579
0.00880002828933334
0.00880002828933334
0.295784884796379
0.295784884796962
0.295784884797949
0.144319593568444
0.144319593571473
0.414650579446536
0.414650579445694
0.414650579448129
0.0892445143066829
0.0892445143067439
0
0
0
0
0
0
0
0
0
0
0
0
0
0
0
0
0
0
0
0
0
0
0
0.00461346608406292
0.00461346608230134
0.0392322584588294
0.0392322584588294
0.0392322584588294
0.111086563613616
0.111086563612876
0.141440672858559
0.141440672860175
0.141440672859217
0.0629376714810233
0.0629376714803355
0.171905878907472
0.171905878906647
0.171905878905935
0.0756447273740363
0.0756447273731691
0.0386019972066645
0.0386019972062289
0.0386019972077357
0.0408695795307706
0.0408695795309485
0
0
0
0
0
0
0
0
0
0
0
0
0
0
0
0
0
0
0
0
0
0
0
0
0
0
0
0
0
0
0.0235734260672367
0.0235734260671582
0.0235734260670838
0.0487958277055319
0.0487958277055319
0.1770976391181
0.177097639118145
0.177097639118569
0.0921679895368922
0.0921679895370372
0.0921679895370372
0.18950789012523
0.189507890125191
0.0599824744219335
0.0599824744217419
0.0599824744211297
0.0425500418319946
0.0425500418319946
0.112779238330595
0.112779238330755
0.112779238330387
0.00288079399170495
0.00288079399170495
0.0589826012299187
0.0589826012296549
0.0589826012297871
0.00422519984588759
0.00422519984588759
0.0751063244154091
0.0751063244210063
0.0751063244210063
0.0175336683976749
0.017533668397659
0.0932782575661276
0.0932782575660902
0.093278257566147
1.35525271560688e-20
0
0.000253060536160502
0.000253060536160502
0.000253060536160502
0.083785576359639
0.083785576359639
0.0837855763590261
0.000315352132554417
0.000315352132554417
0.00528440216376399
0.00528440216376399
0.00528440216376399
0.114263207214542
0.114263207214542
0.0467063591630188
0.0467063591630188
0.0467063591630188
0.117644215622938
0.117644215623074
0.0341658919167328
0.0341658919167328
0.0341658919166567
0
0
0
0
0
0
0
0
0
0
0
0
0
0
0
0
0
0
0
0
0
0
0
0
0
0
0
0
0
0
0.0285169455300333
0.0285169455300333
0.0285169455300333
0.0565808409248391
0.0565808409248391
0.0537203718264065
0.0537203718264065
0.0537203718264065
0.0898552796300956
0.0898552796299826
0.00766217101379709
0.00766217101379709
0.00766217101379709
0.0426240098485161
0.0426240098485161
0.0426240098485161
0.0575622179327767
0.0575622179327767
0.0107427896586831
0.0107427896586831
0.0107427896586831
0.058151977392857
0.0581519773881228
0.00342802421087638
0.00342802421087638
0.00342802421087638
0.0178122027443864
0.0178122027443864
3.23312213383136e-05
3.23312213383136e-05
3.23312213383136e-05
0.000103309167705029
0.000103309167705029
0.000177255889659713
0.000177255889659713
0.000177255889659713
0.00998243261160853
0.00998243261160853
0.00998243261160853
0.00540600197320706
0.00540600197320706
0
0
0
0
0
0
0
0
0
0
0
0
0
0
0
0
0
0
0
0
0
0
0
0
0
0
0
0
0
0
0
0
0
0
0
0
0
0
0
0
0
0
0
0
4.47282089221047e-05
4.47282089221047e-05
4.47282089221047e-05
0.00172927142515547
0.00172927142515547
0
0
0
0
0
0
0
0
0
0
0
0
0
0.00660795846537575
0.00660795846419538
0.00660795846419538
0.0143784476223928
0.0143784476223928
0.0168824058814334
0.0168824058814334
0.0168824058814334
0.00157053792768636
0.00157053792768636
0
0
0
0
0
0
0
0
0
0
0
0
0
0
0
0
0
0
0
0
0
0
0
0
0
0
0
0
0
0
0
0
0
0
0
0
0
0
0
0
0
0
0
0
0
0
0
0
0
0
0
0
0
0
0
0
0
0
0
0
0
0
0.00650558754395454
0.00650558754395454
0.0216002462836059
0.0216002462836059
0.0216002462836059
0.00932064897716291
0.00932064897716291
0.0140865918103881
0.0140865918103881
0.0140865918103881
0
0
0
0
0
0
0
0
0
0
0
0
0
0
0
0.00211092091726225
0.00211092091726225
0.0101174321183178
0.0101174321183178
0.0101174321183178
0.00589274749384237
0.00589274749384237
0.00648837272790844
0.00648837272790844
0.00648837272790844
0.00553242886695213
0.00553242886695213
0
0
0
0
0
0
0
0
0
0
0
0
0
0
0
0
0
0
0
0
0.0145352571896298
0.0145352571896298
0.0145352571896298
0.0221573836195776
0.0221573836195776
0.0273356390906066
0.0273356390906066
0.0273356390906066
0
0
0
0
0
0
0
0
0
0
0
0
0
0
0
0
0
0
0
0
0
0
0
0
0
0
0
0
0
0
0
0
0
0
0
0
0
0
0
0
0
0
0.000351074228883439
0.000351074228883439
0.000351074228883439
0.0149856809740051
0.0149856809740051
0.0323384402241422
0.0323384402241422
0.0323384402241422
0.010121708316901
0.010121708316901
0.0103321781963248
0.0103321781963248
0.0103321781963248
0.0192328827056315
0.0192328827056315
0.0305933948601996
0.0305933948601996
0.0305933948601996
0.0370774531590821
0.0370774531590821
0.0355274889173259
0.0355274889173429
0.0355274889173429
0.0268369723883123
0.0268369723883123
0.0312028225892779
0.0312028225892779
0.0312028225892779
0.0188689046245372
0.0188689046245372
0.00478786400305118
0.00478786400305118
0.00478786400305118
0.000699087536746662
0.000699087536746662
0.000699087536746662
0.000200935368433325
0.000200935368433325
0
0
0
0.00101239406730491
0.00101239406730491
0.0122841028003535
0.0122841028003535
0.0122841028003535
0.00575295032301329
0.00575295032301329
0
0
0
0
0
0
0
0
0
0
0
0
0
0
0
0.00979286262523226
0.00979286262521356
0.00979286262521356
0.00156102912854521
0.00156102912854521
0
0
0
0
0
0
0
0
0.00316108310061845
0.00316108310061845
0.000675660063890691
0.000675660063890691
0.000675660063890691
0
0
0
0
0
0
0
0
0
0
0
0
0
0
0
0
0
0
0
0
0
0
0
0
0
0
0
0
0
0
0
0
0
0
0
0
0
0
0
0
0
0
0
0
0
0
0
0
0
0
0
0
0
0
0
0
0
0
0
0
0
0
0
0
0
0
0
0
0
0
0
0
0
0
0
0
0
0
0
0
0
0
0
0
0
0
0
0
0
0
0
0
0
0
0
0
0
0
0
0
0
0
0
0
0
0
0
0
0
0
0
0
0
0
0
0
0
0
0
0
0
0
0
0
0
0
0
0
0
0
0
0
0
0
0
0
0
0
0
0
0
0
0
0
0
0
0
0
0
0
0
0
0
0
0
0
0
0
0
0
0
0
0
0
0
0
0
0
0
0
0
0
0
0
0
0
0
0
0
0
0
0
0
0
0
0
0
0
0
0
0
0
0
0
0
0
0
0
0
0
0
0
0
0
0
0
0
0
0
0
0
0
0
0
0
0
0
0
0
0
0
0
0
0
0
0
0
0
0
0
0
0
0
0
0
0
0
