1
0.0095438
0.013947
0.66581
0.16845
0.17452
0.3638
0.0054514
0.0042412
0.20609
0.28992
0.24088
0.43325
0.47038
0.17984
0.15631
0.27898
0.36951
0.26964
0.26491
0.26482
0.32565
0.32132
0.2094
0.27894
0.26013
0.31018
0.23095
0.27235
0.19216
0.23149
0.2268
0.21639
0.20517
0.18046
0.22756
0.21152
0.21913
0.21998
0.20948
0.22265
0.21342
0.25668
0.29662
0.30927
0.34451
0.39114
0.44313
0.49336
0.61747
0.71791
0.83423
0.97291
1
1
1
1
1
1
1
1
1
1
1
1
1
1
1
1
1
1
1
1
1
1
1
1
1
1
1
1
1
1
1
1
1
1
1
1
1
1
1
1
1
1
1
1
1
1
1
1
1
1
1
1
1
1
1
0.9338
0.83476
0.7548
0.66234
0.5681
0.50859
0.4714
0.42138
0.40192
0.35902
0.33417
0.31212
0.30582
0.27269
0.24531
0.23149
0.20103
0.19821
0.1834
0.17384
0.15676
0.1418
0.12848
0.12212
0.12055
0.097847
0.099064
0.086155
0.083318
0.089703
0.078381
0.065876
0.064895
0.061294
0.043131
0.053682
0.051651
0.049196
0.048564
0.050611
0.027291
0.022392
0.019007
0.011527
0.0047975
0.0029332
0.0072296
0.016624
0.014638
0.010189
0.0038034
0.0074652
0.0080261
0.0017461
0.013272
0.008855
0.0063496
0.0049428
0.0055485
0
0.0022341
0.0069922
0.0040925
0.0059869
0.0070208
0.0021586
0.0070003
0.013411
0.0081292
0.013025
0
9.38e-05
0.004807
0.0013602
0.0017239
0
0.0026309
0.00038427
0.010394
0.0027738
0.0036386
0.0011749
0.0071787
0.010216
0.0056835
0.0023328
0.0014115
0.00584
0.0011321
0.0044956
0.00034243
9.0094e-05
0.0027805
0.0012805
0
0
0
0
0.0043837
0
0.0015073
0.0033302
0.0038165
0.017617
0.013654
0.0075347
0.0018364
0
0.00072869
0.003579
0
0
0
0
0.00086766
0
0
0.00032549
0.0013303
0.006336
0
0
0
0.0057837
0
0
0
0
0
0
0.00012692
0
0.010443
0.00031097
0
0.003506
0.0062169
0.0055142
1.7207e-05
0.0018888
0.0031917
0
0.00032334
0.023003
0.013533
0.0091695
0
0
0.014323
0.0019472
0.0058475
0
0.010037
0.0025516
0.017186
0
0
0.0070367
0.00095824
0.00034624
0.0014441
0.0031573
0.0018112
0.0022483
0.0024518
0.0085064
0.0041549
0.0031484
0.00062186
0.00010186
0
0
0
0.0060758
0.00030934
0
0
0
0
0.012908
0
0
0
0
0
0
0.0011698
0.0016925
0
0
0
0.0027615
1.2307e-05
0.00025138
0.0037867
0.0047933
0.0072552
0.0044121
0.0040222
0.023816
0.0011059
0
0.0098652
0.010209
0.01368
0.019146
0
0
0.034113
0.018551
0
0
0
0
0
0
0
0.0075831
0.014203
0
0
0.023484
0
0.00033896
0
0.0018717
0.0011848
0.0014469
0
0
0.011076
0.0017678
0.022329
0.00011112
0.00070009
0.00026081
0.0013822
0.0077293
0.022863
0.00019036
0.0012588
0.00103
0.013909
0.067433
0
0.003038
0.0013063
0.0011566
0.0047074
0.012131
0.10576
0.05263
0.1169
0.018153
0.054795
0.00026466
0.0022675
0
0.0021402
0
0
0.23763
0.066729
0
0.059688
0.11489
0.0012418
0
0.011249
0.089265
0.0026712
0.0051842
0.10149
0.01192
0.03015
0.11955
0.053229
0.18365
0.036484
0.0038441
0.016637
0.047718
0.046341
0.029134
0.016074
0.044005
0.045819
0.046463
0.01122
0.71681
0.29791
0.084257
1
